720605
720606
720607
720608
720609
720610
720611
720612
720613
720614
720615
720616
720617
720618
720619
720620
720621
720622
720623
720624
720625
720626
720627
720628
720629
720630
720631
720632
720633
720634
720635
720636
720637
720638
720639
720640
720641
720642
720643
720644
720645
720646
720647
720648
720649
720650
720651
720652
720653
720654
720655
720656
720657
720658
720659
720660
720661
720662
720663
720664
720665
720666
720667
720668
720669
720670
720671
720672
720673
720674
720675
720676
720677
720678
720679
720680
720681
720682
720683
720684
720685
720686
720687
720688
720689
720690
720691
720692
720693
720694
720695
720696
720697
720698
720699
720700
720701
720702
720703
720704
720705
720706
720707
720708
720709
720710
720711
720712
720713
720714
720715
720716
720717
720718
720719
720720
720721
720722
720723
720724
720725
720726
720727
720728
720729
720730
720731
720732
720733
720734
720735
720736
720737
720738
720739
720740
720741
720742
720743
720744
720745
720746
720747
720748
720749
720750
720751
720752
720753
720754
720755
720756
720757
720758
720759
720760
720761
720762
720763
720764
720765
720766
720767
720768
720769
720770
720771
720772
720773
720774
720775
720776
720777
720778
720779
720780
720781
720782
720783
720784
720785
720786
720787
720788
720789
720790
720791
720792
720793
720794
720795
720796
720797
720798
720799
720800
720801
720802
720803
720804
720805
720806
720807
720808
720809
720810
720811
720812
720813
720814
720815
720816
720817
720818
720819
720820
720821
720822
720823
720824
720825
720826
720827
720828
720829
720830
720831
720832
720833
720834
720835
720836
720837
720838
720839
720840
720841
720842
720843
720844
720845
720846
720847
720848
720849
720850
720851
720852
720853
720854
720855
720856
720857
720858
720859
720860
720861
720862
720863
720864
720865
720866
720867
720868
720869
720870
720871
720872
720873
720874
720875
720876
720877
720878
720879
720880
720881
720882
720883
720884
720885
720886
720887
720888
720889
720890
720891
720892
720893
720894
720895
720896
720897
720898
720899
720900
720901
720902
720903
720904
720905
720906
720907
720908
720909
720910
720911
720912
720913
720914
720915
720916
720917
720918
720919
720920
720921
720922
720923
720924
720925
720926
720927
720928
720929
720930
720931
720932
720933
720934
720935
720936
720937
720938
720939
720940
720941
720942
720943
720944
720945
720946
720947
720948
720949
720950
720951
720952
720953
720954
720955
720956
720957
720958
720959
720960
720961
720962
720963
720964
720965
720966
720967
720968
720969
720970
720971
720972
720973
720974
720975
720976
720977
720978
720979
720980
720981
720982
720983
720984
720985
720986
720987
720988
720989
720990
720991
720992
720993
720994
720995
720996
720997
720998
720999
721000
721001
721002
721003
721004
721005
721006
721007
721008
721009
721010
721011
721012
721013
721014
721015
721016
721017
721018
721019
721020
721021
721022
721023
721024
721025
721026
721027
721028
721029
721030
721031
721032
721033
721034
721035
721036
721037
721038
721039
721040
721041
721042
721043
721044
721045
721046
721047
721048
721049
721050
721051
721052
721053
721054
721055
721056
721057
721058
721059
721060
721061
721062
721063
721064
721065
721066
721067
721068
721069
721070
721071
721072
721073
721074
721075
721076
721077
721078
721079
721080
721081
721082
721083
721084
721085
721086
721087
721088
721089
721090
721091
721092
721093
721094
721095
721096
721097
721098
721099
721100
721101
721102
721103
721104
721105
721106
721107
721108
721109
721110
721111
721112
721113
721114
721115
721116
721117
721118
721119
721120
721121
721122
721123
721124
721125
721126
721127
721128
721129
721130
721131
721132
721133
721134
721135
721136
721137
721138
721139
721140
721141
721142
721143
721144
721145
721146
721147
721148
721149
721150
721151
721152
721153
721154
721155
721156
721157
721158
721159
721160
721161
721162
721163
721164
721165
721166
721167
721168
721169
721170
721171
721172
721173
721174
721175
721176
721177
721178
721179
721180
721181
721182
721183
721184
721185
721186
721187
721188
721189
721190
721191
721192
721193
721194
721195
721196
721197
721198
721199
721200
721201
721202
721203
721204
721205
721206
721207
721208
721209
721210
721211
721212
721213
721214
721215
721216
721217
721218
721219
721220
721221
721222
721223
721224
721225
721226
721227
721228
721229
721230
721231
721232
721233
721234
721235
721236
721237
721238
721239
721240
721241
721242
721243
721244
721245
721246
721247
721248
721249
721250
721251
721252
721253
721254
721255
721256
721257
721258
721259
721260
721261
721262
721263
721264
721265
721266
721267
721268
721269
721270
721271
721272
721273
721274
721275
721276
721277
721278
721279
721280
721281
721282
721283
721284
721285
721286
721287
721288
721289
721290
721291
721292
721293
721294
721295
721296
721297
721298
721299
721300
721301
721302
721303
721304
721305
721306
721307
721308
721309
721310
721311
721312
721313
721314
721315
721316
721317
721318
721319
721320
721321
721322
721323
721324
721325
721326
721327
721328
721329
721330
721331
721332
721333
721334
721335
721336
721337
721338
721339
721340
721341
721342
721343
721344
721345
721346
721347
721348
721349
721350
721351
721352
721353
721354
721355
721356
721357
721358
721359
721360
721361
721362
721363
721364
721365
721366
721367
721368
721369
721370
721371
721372
721373
721374
721375
721376
721377
721378
721379
721380
721381
721382
721383
721384
721385
721386
721387
721388
721389
721390
721391
721392
721393
721394
721395
721396
721397
721398
721399
721400
721401
721402
721403
721404
721405
721406
721407
721408
721409
721410
721411
721412
721413
721414
721415
721416
721417
721418
721419
721420
721421
721422
721423
721424
721425
721426
721427
721428
721429
721430
721431
721432
721433
721434
721435
721436
721437
721438
721439
721440
721441
721442
721443
721444
721445
721446
721447
721448
721449
721450
721451
721452
721453
721454
721455
721456
721457
721458
721459
721460
721461
721462
721463
721464
721465
721466
721467
721468
721469
721470
721471
721472
721473
721474
721475
721476
721477
721478
721479
721480
721481
721482
721483
721484
721485
721486
721487
721488
721489
721490
721491
721492
721493
721494
721495
721496
721497
721498
721499
721500
721501
721502
721503
721504
721505
721506
721507
721508
721509
721510
721511
721512
721513
721514
721515
721516
721517
721518
721519
721520
721521
721522
721523
721524
721525
721526
721527
721528
721529
721530
721531
721532
721533
721534
721535
721536
721537
721538
721539
721540
721541
721542
721543
721544
721545
721546
721547
721548
721549
721550
721551
721552
721553
721554
721555
721556
721557
721558
721559
721560
721561
721562
721563
721564
721565
721566
721567
721568
721569
721570
721571
721572
721573
721574
721575
721576
721577
721578
721579
721580
721581
721582
721583
721584
721585
721586
721587
721588
721589
721590
721591
721592
721593
721594
721595
721596
721597
721598
721599
721600
721601
721602
721603
721604
